0 0 0 0 0 50 100 100 100 100 100 
0 0 0 0 3 54 96 100 100 100 100 
0 0 0 1 3 58 89 100 100 100 100 
0 0 0 0 9 45 94 98 100 100 100 
0 0 0 1 15 51 77 98 100 100 100 
0 0 0 2 22 47 86 100 100 100 100 
0 0 0 8 15 54 82 95 98 100 100 
0 0 1 6 30 46 62 85 95 99 100 
0 0 2 11 27 47 70 93 97 100 100 
0 0 8 20 36 49 61 89 96 99 100 
0 1 4 19 37 48 68 85 90 99 100 
2 8 14 24 36 46 61 78 87 91 98 
2 3 16 24 44 44 59 75 89 88 98 
2 5 12 31 43 47 60 69 89 93 98 
2 5 10 27 41 50 60 69 88 96 98 
2 3 14 31 40 51 56 68 90 97 98 
2 3 19 33 42 47 57 63 81 93 98 
2 11 25 35 42 47 56 71 75 89 98 
25 26 28 35 44 52 54 62 73 73 74 
22 23 28 34 42 50 52 61 75 77 77 
22 23 33 35 46 51 57 62 61 73 77 
30 33 34 38 45 51 55 57 66 67 69 
29 30 35 39 44 52 55 60 62 68 69 
34 36 35 37 47 48 57 60 65 62 66 
33 35 35 38 44 52 53 59 62 64 66 
37 37 37 39 43 50 56 60 60 62 63 
35 37 36 39 46 47 52 56 60 63 63 
35 37 40 39 47 50 53 57 62 61 63 
36 37 38 44 47 48 51 60 63 63 63 
36 37 37 40 44 48 52 57 60 62 63 
34 34 37 40 43 51 57 58 61 66 66 
32 35 34 39 43 54 59 62 65 66 67 
29 30 32 37 41 47 54 65 67 69 70 
28 29 32 35 43 47 54 64 67 70 71 
28 30 31 35 42 44 63 66 67 70 71 
28 29 34 36 42 52 56 61 67 69 71 
27 30 34 35 42 51 58 60 65 72 72 
26 31 34 38 44 51 54 60 66 69 73 
23 27 32 36 42 48 55 64 66 71 73 
24 29 31 35 42 49 56 61 67 73 74 
25 29 34 40 45 46 54 62 66 71 74 
24 27 34 39 44 50 58 62 66 71 76 
23 26 34 38 46 51 57 58 64 73 76 
28 30 33 38 44 47 58 62 66 70 70 
31 30 36 40 46 50 55 63 66 69 70 
29 31 33 36 46 50 59 57 66 68 72 
30 29 35 41 48 48 58 58 65 67 69 
29 33 32 37 39 48 56 62 65 68 70 
30 31 33 39 46 47 52 61 65 67 71 
31 32 36 39 43 51 56 61 63 68 69 
