1 -0.457455
2 -0.457455
3 -0.457455
4 -0.457455
5 -0.457455
6 -0.457455
7 -0.457455
8 -0.457455
9 -0.457455
10 -0.457455
11 -0.457455
12 -0.457455
13 -0.457455
14 -0.457455
15 -0.457455
16 -0.457455
17 -0.457455
18 -0.457455
19 -0.457455
20 -0.457455
21 -0.457455
22 -0.457455
23 -0.457455
24 -0.457455
25 -0.457455
26 -0.457455
27 -0.457455
28 -0.457455
29 -0.457455
30 -0.457455
31 -0.457455
32 -0.457455
33 -0.457455
34 -0.457455
35 -0.457455
36 -0.457455
37 -0.457455
38 -0.457455
39 -0.457455
40 -0.457455
41 -0.457455
42 -0.457455
43 -0.457455
44 -0.457455
45 -0.457455
46 -0.457455
47 -0.457455
48 -0.457455
49 -0.457455
50 -0.457455
51 -0.457455
52 -0.457455
53 -0.457455
54 -0.457455
55 -0.457455
56 -0.457455
57 -0.457455
58 -0.457455
59 -0.457455
60 -0.457455
61 -0.457455
62 -0.457455
63 -0.457455
64 -0.457455
65 -0.457455
66 -0.457455
67 -0.457455
68 -0.457455
69 -0.457455
70 -0.457455
71 -0.457455
72 -0.457455
73 -0.457455
74 -0.457455
75 -0.457455
76 -0.457455
77 -0.457455
78 -0.457455
79 -0.457455
80 -0.457455
81 -0.457455
82 -0.457455
83 -0.457455
84 -0.457455
85 -0.457455
86 -0.457455
87 -0.457455
88 -0.457455
89 -0.457455
90 -0.457455
91 -0.457455
92 -0.457455
93 -0.457455
94 -0.457455
95 -0.457455
96 -0.457455
97 -0.457455
98 -0.457455
99 -0.457455
101 -0.457455
102 -0.457455
103 -0.457455
104 -0.457455
105 -0.457455
106 -0.457455
107 -0.457455
108 -0.457455
109 -0.457455
110 -0.457455
111 -0.457455
112 -0.457455
113 -0.457455
114 -0.457455
115 -0.457455
116 -0.457455
117 -0.457455
118 -0.457455
119 -0.457455
120 -0.457455
121 -0.457455
122 -0.457455
123 -0.457455
124 -0.457455
125 -0.457455
126 -0.457455
127 -0.457455
128 -0.457455
129 -0.457455
130 -0.457455
131 -0.457455
132 -0.457455
133 -0.457455
134 -0.457455
135 -0.457455
136 -0.457455
137 -0.457455
138 -0.457455
139 -0.457455
140 -0.457455
141 -0.457455
142 -0.457455
143 -0.457455
144 -0.457455
145 -0.457455
146 -0.457455
147 -0.457455
148 -0.457455
149 -0.457455
150 -0.457455
151 -0.457455
152 -0.457455
153 -0.457455
154 -0.457455
155 -0.457455
156 -0.457455
157 -0.457455
158 -0.457455
159 -0.457455
160 -0.457455
161 -0.457455
162 -0.457455
163 -0.457455
164 -0.457455
165 -0.457455
166 -0.457455
167 -0.457455
168 -0.457455
169 -0.457455
170 -0.457455
171 -0.457455
172 -0.457455
173 -0.457455
174 -0.457455
175 -0.457455
176 -0.457455
177 -0.457455
178 -0.457455
179 -0.457455
180 -0.457455
181 -0.457455
182 -0.457455
183 -0.457455
184 -0.457455
185 -0.457455
186 -0.457455
187 -0.457455
188 -0.457455
189 -0.457455
190 -0.457455
191 -0.457455
192 -0.457455
193 -0.457455
194 -0.457455
195 -0.457455
196 -0.457455
197 -0.457455
198 -0.457455
199 -0.457455
201 -0.457455
202 -0.457455
203 -0.457455
204 -0.457455
205 -0.457455
206 -0.457455
207 -0.457455
208 -0.457455
209 -0.457455
210 -0.457455
211 -0.457455
212 -0.457455
213 -0.457455
214 -0.457455
215 -0.457455
216 -0.457455
217 -0.457455
218 -0.457455
219 -0.457455
220 -0.457455
221 -0.457455
222 -0.457455
223 -0.457455
224 -0.457455
225 -0.457455
226 -0.457455
227 -0.457455
228 -0.457455
229 -0.457455
230 -0.457455
231 -0.457455
232 -0.457455
233 -0.457455
234 -0.457455
235 -0.457455
236 -0.457455
237 -0.457455
238 -0.457455
239 -0.457455
240 -0.457455
241 -0.457455
242 -0.457455
243 -0.457455
244 -0.457455
245 -0.457455
246 -0.457455
247 -0.457455
248 -0.457455
249 -0.457455
250 -0.457455
251 -0.457455
252 -0.457455
253 -0.457455
254 -0.457455
255 -0.457455
256 -0.457455
257 -0.457455
258 -0.457455
259 -0.457455
260 -0.457455
261 -0.457455
262 -0.457455
263 -0.457455
264 -0.457455
265 -0.457455
266 -0.457455
267 -0.457455
268 -0.457455
269 -0.457455
270 -0.457455
271 -0.457455
272 -0.457455
273 -0.457455
274 -0.457455
275 -0.457455
276 -0.457455
277 -0.457455
278 -0.457455
279 -0.457455
280 -0.457455
281 -0.457455
282 -0.457455
283 -0.457455
284 -0.457455
285 -0.457455
286 -0.457455
287 -0.457455
288 -0.457455
289 -0.457455
290 -0.457455
291 -0.457455
292 -0.457455
293 -0.457455
294 -0.457455
295 -0.457455
296 -0.457455
297 -0.457455
298 -0.457455
299 -0.457455
301 -0.457455
302 -0.457455
303 -0.457455
304 -0.457455
305 -0.457455
306 -0.457455
307 -0.457455
308 -0.457455
309 -0.457455
310 -0.457455
311 -0.457455
312 -0.457455
313 -0.457455
314 -0.457455
315 -0.457455
316 -0.457455
317 -0.457455
318 -0.457455
319 -0.457455
320 -0.457455
321 -0.457455
322 -0.457455
323 -0.457455
324 -0.457455
325 -0.457455
326 -0.457455
327 -0.457455
328 -0.457455
329 -0.457455
330 -0.457455
331 -0.457455
332 -0.457455
333 -0.457455
334 -0.457455
335 -0.457455
336 -0.457455
337 -0.457455
338 -0.457455
339 -0.457455
340 -0.457455
341 -0.457455
342 -0.457455
343 -0.457455
344 -0.457455
345 -0.457455
346 -0.457455
347 -0.457455
348 -0.457455
349 -0.457455
350 -0.457455
351 -0.457455
352 -0.457455
353 -0.457455
354 -0.457455
355 -0.457455
356 -0.457455
357 -0.457455
358 -0.457455
359 -0.457455
360 -0.457455
361 -0.457455
362 -0.457455
363 -0.457455
364 -0.457455
365 -0.457455
366 -0.457455
367 -0.457455
368 -0.457455
369 -0.457455
370 -0.457455
371 -0.457455
372 -0.457455
373 -0.457455
374 -0.457455
375 -0.457455
376 -0.457455
377 -0.457455
378 -0.457455
379 -0.457455
380 -0.457455
381 -0.457455
382 -0.457455
383 -0.457455
384 -0.457455
385 -0.457455
386 -0.457455
387 -0.457455
388 -0.457455
389 -0.457455
390 -0.457455
391 -0.457455
392 -0.457455
393 -0.457455
394 -0.457455
395 -0.457455
396 -0.457455
397 -0.457455
398 -0.457455
399 -0.457455
401 -0.457455
402 -0.457455
403 -0.457455
404 -0.457455
405 -0.457455
406 -0.457455
407 -0.457455
408 -0.457455
409 -0.457455
410 -0.457455
411 -0.457455
412 -0.457455
413 -0.457455
414 -0.457455
415 -0.457455
416 -0.457455
417 -0.457455
418 -0.457455
419 -0.457455
420 -0.457455
421 -0.457455
422 -0.457455
423 -0.457455
424 -0.457455
425 -0.457455
426 -0.457455
427 -0.457455
428 -0.457455
429 -0.457455
430 -0.457455
431 -0.457455
432 -0.457455
433 -0.457455
434 -0.457455
435 -0.457455
436 -0.457455
437 -0.457455
438 -0.457455
439 -0.457455
440 -0.457455
441 -0.457455
442 -0.457455
443 -0.457455
444 -0.457455
445 -0.457455
446 -0.457455
447 -0.457455
448 -0.457455
449 -0.457455
450 -0.457455
451 -0.457455
452 -0.457455
453 -0.457455
454 -0.457455
455 -0.457455
456 -0.457455
457 -0.457455
458 -0.457455
459 -0.457455
460 -0.457455
461 -0.457455
462 -0.457455
463 -0.457455
464 -0.457455
465 -0.457455
466 -0.457455
467 -0.457455
468 -0.457455
469 -0.457455
470 -0.457455
471 -0.457455
472 -0.457455
473 -0.457455
474 -0.457455
475 -0.457455
476 -0.457455
477 -0.457455
478 -0.457455
479 -0.457455
480 -0.457455
481 -0.457455
482 -0.457455
483 -0.457455
484 -0.457455
485 -0.457455
486 -0.457455
487 -0.457455
488 -0.457455
489 -0.457455
490 -0.457455
491 -0.457455
492 -0.457455
493 -0.457455
494 -0.457455
495 -0.457455
496 -0.457455
497 -0.457455
498 -0.457455
499 -0.457455
501 -0.457455
502 -0.457455
503 -0.457455
504 -0.457455
505 -0.457455
506 -0.457455
507 -0.457455
508 -0.457455
509 -0.457455
510 -0.457455
511 -0.457455
512 -0.457455
513 -0.457455
514 -0.457455
515 -0.457455
516 -0.457455
517 -0.457455
518 -0.457455
519 -0.457455
520 -0.457455
521 -0.457455
522 -0.457455
523 -0.457455
524 -0.457455
525 -0.457455
526 -0.457455
527 -0.457455
528 -0.457455
529 -0.457455
530 -0.457455
531 -0.457455
532 -0.457455
533 -0.457455
534 -0.457455
535 -0.457455
536 -0.457455
537 -0.457455
538 -0.457455
539 -0.457455
540 -0.457455
541 -0.457455
542 -0.457455
543 -0.457455
544 -0.457455
545 -0.457455
546 -0.457455
547 -0.457455
548 -0.457455
549 -0.457455
550 -0.457455
551 -0.457455
552 -0.457455
553 -0.457455
554 -0.457455
555 -0.457455
556 -0.457455
557 -0.457455
558 -0.457455
559 -0.457455
560 -0.457455
561 -0.457455
562 -0.457455
563 -0.457455
564 -0.457455
565 -0.457455
566 -0.457455
567 -0.457455
568 -0.457455
569 -0.457455
570 -0.457455
571 -0.457455
572 -0.457455
573 -0.457455
574 -0.457455
575 -0.457455
576 -0.457455
577 -0.457455
578 -0.457455
579 -0.457455
580 -0.457455
581 -0.457455
582 -0.457455
583 -0.457455
584 -0.457455
585 -0.457455
586 -0.457455
587 -0.457455
588 -0.457455
589 -0.457455
590 -0.457455
591 -0.457455
592 -0.457455
593 -0.457455
594 -0.457455
595 -0.457455
596 -0.457455
597 -0.457455
598 -0.457455
599 -0.457455
601 -0.457455
602 -0.457455
603 -0.457455
604 -0.457455
605 -0.457455
606 -0.457455
607 -0.457455
608 -0.457455
609 -0.457455
610 -0.457455
611 -0.457455
612 -0.457455
613 -0.457455
614 -0.457455
615 -0.457455
616 -0.457455
617 -0.457455
618 -0.457455
619 -0.457455
620 -0.457455
621 -0.457455
622 -0.457455
623 -0.457455
624 -0.457455
625 -0.457455
626 -0.457455
627 -0.457455
628 -0.457455
629 -0.457455
630 -0.457455
631 -0.457455
632 -0.457455
633 -0.457455
634 -0.457455
635 -0.457455
636 -0.457455
637 -0.457455
638 -0.457455
639 -0.457455
640 -0.457455
641 -0.457455
642 -0.457455
643 -0.457455
644 -0.457455
645 -0.457455
646 -0.457455
647 -0.457455
648 -0.457455
649 -0.457455
650 -0.457455
651 -0.457455
652 -0.457455
653 -0.457455
654 -0.457455
655 -0.457455
656 -0.457455
657 -0.457455
658 -0.457455
659 -0.457455
660 -0.457455
661 -0.457455
662 -0.457455
663 -0.457455
664 -0.457455
665 -0.457455
666 -0.457455
667 -0.457455
668 -0.457455
669 -0.457455
670 -0.457455
671 -0.457455
672 -0.457455
673 -0.457455
674 -0.457455
675 -0.457455
676 -0.457455
677 -0.457455
678 -0.457455
679 -0.457455
680 -0.457455
681 -0.457455
682 -0.457455
683 -0.457455
684 -0.457455
685 -0.457455
686 -0.457455
687 -0.457455
688 -0.457455
689 -0.457455
690 -0.457455
691 -0.457455
692 -0.457455
693 -0.457455
694 -0.457455
695 -0.457455
696 -0.457455
697 -0.457455
698 -0.457455
699 -0.457455
701 -0.457455
702 -0.457455
703 -0.457455
704 -0.457455
705 -0.457455
706 -0.457455
707 -0.457455
708 -0.457455
709 -0.457455
710 -0.457455
711 -0.457455
712 -0.457455
713 -0.457455
714 -0.457455
715 -0.457455
716 -0.457455
717 -0.457455
718 -0.457455
719 -0.457455
720 -0.457455
721 -0.457455
722 -0.457455
723 -0.457455
724 -0.457455
725 -0.457455
726 -0.457455
727 -0.457455
728 -0.457455
729 -0.457455
730 -0.457455
731 -0.457455
732 -0.457455
733 -0.457455
734 -0.457455
735 -0.457455
736 -0.457455
737 -0.457455
738 -0.457455
739 -0.457455
740 -0.457455
741 -0.457455
742 -0.457455
743 -0.457455
744 -0.457455
745 -0.457455
746 -0.457455
747 -0.457455
748 -0.457455
749 -0.457455
750 -0.457455
751 -0.457455
752 -0.457455
753 -0.457455
754 -0.457455
755 -0.457455
756 -0.457455
757 -0.457455
758 -0.457455
759 -0.457455
760 -0.457455
761 -0.457455
762 -0.457455
763 -0.457455
764 -0.457455
765 -0.457455
766 -0.457455
767 -0.457455
768 -0.457455
769 -0.457455
770 -0.457455
771 -0.457455
772 -0.457455
773 -0.457455
774 -0.457455
775 -0.457455
776 -0.457455
777 -0.457455
778 -0.457455
779 -0.457455
780 -0.457455
781 -0.457455
782 -0.457455
783 -0.457455
784 -0.457455
785 -0.457455
786 -0.457455
787 -0.457455
788 -0.457455
789 -0.457455
790 -0.457455
791 -0.457455
792 -0.457455
793 -0.457455
794 -0.457455
795 -0.457455
796 -0.457455
797 -0.457455
798 -0.457455
799 -0.457455
801 -0.457455
802 -0.457455
803 -0.457455
804 -0.457455
805 -0.457455
806 -0.457455
807 -0.457455
808 -0.457455
809 -0.457455
810 -0.457455
811 -0.457455
812 -0.457455
813 -0.457455
814 -0.457455
815 -0.457455
816 -0.457455
817 -0.457455
818 -0.457455
819 -0.457455
820 -0.457455
821 -0.457455
822 -0.457455
823 -0.457455
824 -0.457455
825 -0.457455
826 -0.457455
827 -0.457455
828 -0.457455
829 -0.457455
830 -0.457455
831 -0.457455
832 -0.457455
833 -0.457455
834 -0.457455
835 -0.457455
836 -0.457455
837 -0.457455
838 -0.457455
839 -0.457455
840 -0.457455
841 -0.457455
842 -0.457455
843 -0.457455
844 -0.457455
845 -0.457455
846 -0.457455
847 -0.457455
848 -0.457455
849 -0.457455
850 -0.457455
851 -0.457455
852 -0.457455
853 -0.457455
854 -0.457455
855 -0.457455
856 -0.457455
857 -0.457455
858 -0.457455
859 -0.457455
860 -0.457455
861 -0.457455
862 -0.457455
863 -0.457455
864 -0.457455
865 -0.457455
866 -0.457455
867 -0.457455
868 -0.457455
869 -0.457455
870 -0.457455
871 -0.457455
872 -0.457455
873 -0.457455
874 -0.457455
875 -0.457455
876 -0.457455
877 -0.457455
878 -0.457455
879 -0.457455
880 -0.457455
881 -0.457455
882 -0.457455
883 -0.457455
884 -0.457455
885 -0.457455
886 -0.457455
887 -0.457455
888 -0.457455
889 -0.457455
890 -0.457455
891 -0.457455
892 -0.457455
893 -0.457455
894 -0.457455
895 -0.457455
896 -0.457455
897 -0.457455
898 -0.457455
899 -0.457455
901 -0.457455
902 -0.457455
903 -0.457455
904 -0.457455
905 -0.457455
906 -0.457455
907 -0.457455
908 -0.457455
909 -0.457455
910 -0.457455
911 -0.457455
912 -0.457455
913 -0.457455
914 -0.457455
915 -0.457455
916 -0.457455
917 -0.457455
918 -0.457455
919 -0.457455
920 -0.457455
921 -0.457455
922 -0.457455
923 -0.457455
924 -0.457455
925 -0.457455
926 -0.457455
927 -0.457455
928 -0.457455
929 -0.457455
930 -0.457455
931 -0.457455
932 -0.457455
933 -0.457455
934 -0.457455
935 -0.457455
936 -0.457455
937 -0.457455
938 -0.457455
939 -0.457455
940 -0.457455
941 -0.457455
942 -0.457455
943 -0.457455
944 -0.457455
945 -0.457455
946 -0.457455
947 -0.457455
948 -0.457455
949 -0.457455
950 -0.457455
951 -0.457455
952 -0.457455
953 -0.457455
954 -0.457455
955 -0.457455
956 -0.457455
957 -0.457455
958 -0.457455
959 -0.457455
960 -0.457455
961 -0.457455
962 -0.457455
963 -0.457455
964 -0.457455
965 -0.457455
966 -0.457455
967 -0.457455
968 -0.457455
969 -0.457455
970 -0.457455
971 -0.457455
972 -0.457455
973 -0.457455
974 -0.457455
975 -0.457455
976 -0.457455
977 -0.457455
978 -0.457455
979 -0.457455
980 -0.457455
981 -0.457455
982 -0.457455
983 -0.457455
984 -0.457455
985 -0.457455
986 -0.457455
987 -0.457455
988 -0.457455
989 -0.457455
990 -0.457455
991 -0.457455
992 -0.457455
993 -0.457455
994 -0.457455
995 -0.457455
996 -0.457455
997 -0.457455
998 -0.457455
999 -0.457455
